17,0
16,3
16,2
16,1
16,0
15,8
15,7
15,6
15,5
15,4
15,3
15,2
15,1
15,0
14,3
14,2
14,1
14,0
13,3
13,2
13,1
13,0
12,5
12,4
12,3
12,2
12,1
12,0
11,5
11,4
11,3
11,2
11,1
11,0
10,3
10,2
10,1
10,0
9,5
9,4
9,3
9,2
9,1
9,0
8,7
8,6
8,5
8,4
8,3
8,2
8,1
8,0
7,6
7,5
7,4
7,3
7,2
7,1
7,0
6,4
6,3
6,2
6,1
6,0
5,3
5,2
5,1
5,0
4,3
4,2
4,1
4,0
3,6
3,5
3,4
3,3
3,2
3,1
3,0
2,11
2,10
2,9
2,8
2,7
2,6
2,5
2,4
2,3
2,2
2,1
2,0
1,3
1,2
1,1
1,0
0,445
0,442
0,441
0,436
0,421
0,408
0,394
0,322
0,243
0,9
0,1
0,0
0,310
0,305
0,439
0,308
0,304
0,303
0,302
0,307
0,12
0,420
0,10
0,8
0,418
0,300
0,417
0,299
0,437
0,298
0,416
0,297
0,415
0,296
0,414
0,295
0,413
0,294
0,435
0,293
0,412
0,292
0,411
0,291
0,410
0,290
0,409
0,289
0,434
0,288
0,433
0,287
0,407
0,286
0,406
0,285
0,405
0,284
0,404
0,283
0,432
0,282
0,403
0,281
0,402
0,280
0,401
0,279
0,400
0,278
0,431
0,277
0,399
0,276
0,398
0,275
0,397
0,274
17,1
17,2
17,4
17,5
17,7
18,0
18,2
18,4
18,5
19,1
19,2
19,4
20,0
20,1
20,3
20,4
21,0
21,1
21,3
21,5
21,6
22,1
22,2
22,4
23,1
23,2
23,4
24,0
24,2
24,3
25,1
25,3
25,4
25,6
25,7
26,1
26,3
26,4
27,1
27,2
27,4
27,5
28,0
28,2
28,3
28,5
28,6
28,8
29,1
29,2
30,0
30,1
30,3
31,1
31,2
32,0
32,1
32,3
32,4
32,6
33,0
33,1
33,3
34,0
34,2
34,4
34,5
35,0
35,1
35,3
36,0
36,2
36,4
36,5
36,7
36,8
36,10
36,12
36,13
37,1
37,2
37,4
37,5
38,1
38,3
38,4
39,1
39,2
39,4
39,6
39,7
40,1
40,2
40,4
41,0
41,1
41,3
41,4
42,1
42,2
43,0
43,2
43,3
43,5
44,0
44,2
44,4
44,5
45,1
45,2
46,0
46,1
46,3
46,5
47,0
47,2
47,3
47,5
47,7
48,0
48,2
48,3
48,5
48,6
49,1
49,3
49,4
50,0
50,1
50,3
50,5
50,6
51,0
51,1
51,3
51,4
52,1
52,3
52,4
53,0
53,1
53,3
54,0
54,1
54,3
54,4
55,1
55,3
55,4
55,6
56,0
56,2
56,3
56,5
57,0
57,1
57,3
57,4
58,0
58,2
58,3
58,5
58,6
58,8
58,9
58,11
59,1
59,2
60,0
60,1
60,3
60,5
61,0
61,2
61,3
61,5
62,0
62,2
63,0
63,1
63,3
64,0
64,2
64,4
65,0
65,2
65,3
65,5
66,1
66,2
67,0
67,1
67,3
67,4
67,6
67,8
67,9
68,0
68,1
68,3
68,5
68,6
69,0
69,1
69,3
70,0
70,2
71,0
71,1
71,3
71,4
72,1
72,3
73,0
73,2
73,3
73,5
73,6
74,1
74,3
74,4
75,0
75,1
75,3
76,1
76,2
76,4
76,5
77,1
77,2
77,4
77,6
77,7
77,9
78,0
78,2
78,4
78,5
78,7
78,8
78,10
78,12
78,13
79,0
79,1
79,3
79,4
80,1
80,3
80,4
81,0
81,1
81,3
81,5
82,0
82,2
82,3
83,0
83,1
83,3
83,5
84,0
84,2
84,3
84,5
85,1
85,2
85,4
86,0
86,2
86,3
86,5
87,1
87,2
87,3
87,0
86,4
86,1
85,3
85,0
84,4
84,1
83,4
83,2
82,4
82,1
81,4
81,2
80,5
80,2
80,0
79,2
78,14
78,11
78,9
78,6
78,3
78,1
77,8
77,5
77,3
77,0
76,3
76,0
75,2
74,5
74,2
74,0
73,4
73,1
72,2
72,0
71,2
70,3
70,1
69,2
68,7
68,4
68,2
67,10
67,7
67,5
67,2
66,3
66,0
65,4
65,1
64,3
64,1
63,2
62,3
62,1
61,4
61,1
60,4
60,2
59,3
59,0
58,10
58,7
58,4
58,1
57,5
57,2
56,6
56,4
56,1
55,5
55,2
55,0
54,2
53,4
53,2
52,5
52,2
52,0
51,2
50,7
50,4
50,2
49,5
49,2
49,0
48,4
48,1
47,6
47,4
47,1
46,4
46,2
45,3
45,0
44,3
44,1
43,4
43,1
42,3
42,0
41,2
40,5
40,3
40,0
39,5
39,3
39,0
38,2
38,0
37,3
37,0
36,11
36,9
36,6
36,3
36,1
35,2
34,6
34,3
34,1
33,2
32,7
32,5
32,2
31,3
31,0
30,2
29,3
29,0
28,7
28,4
28,1
27,6
27,3
27,0
26,2
26,0
25,5
25,2
25,0
24,1
23,3
23,0
22,3
22,0
21,4
21,2
20,5
20,2
19,5
19,3
19,0
18,3
18,1
17,6
17,3
0,396
0,273
0,395
0,272
0,271
0,393
0,270
0,440
0,269
0,443
0,268
0,392
0,267
0,391
0,266
0,390
0,265
0,389
0,264
0,430
0,263
0,388
0,262
0,387
0,261
0,386
0,260
0,385
0,259
0,429
0,258
0,384
0,257
0,383
0,256
0,382
0,255
0,381
0,254
0,428
0,253
0,380
0,252
0,379
0,251
0,378
0,250
0,377
0,249
0,376
0,248
0,375
0,247
0,374
0,246
0,373
0,245
0,372
0,244
0,371
0,242
0,370
0,241
0,369
0,240
0,368
0,239
0,367
0,238
0,366
0,237
0,365
0,236
0,364
0,235
0,363
0,234
0,362
0,233
0,427
0,232
0,361
0,231
0,360
0,230
0,359
0,229
0,358
0,228
0,357
0,227
0,356
0,226
0,426
0,225
0,355
0,224
0,354
0,223
0,353
0,222
0,352
0,221
0,351
0,220
0,350
0,219
0,444
0,218
0,349
0,217
0,348
0,216
0,347
0,215
0,346
0,214
0,345
0,213
0,344
0,212
0,425
0,211
0,424
0,210
0,343
0,209
0,342
0,208
0,341
0,207
0,340
0,206
0,339
0,205
0,338
0,204
0,423
0,203
0,422
0,202
0,337
0,201
0,336
0,200
0,335
0,199
0,334
0,198
0,333
0,197
0,332
0,196
0,331
0,195
0,330
0,194
0,329
0,193
0,328
0,192
0,327
0,63
0,326
0,62
0,325
0,61
0,324
0,60
0,323
0,59
0,321
0,58
0,320
0,57
0,319
0,56
0,419
0,55
0,318
0,54
0,317
0,53
0,316
0,52
0,315
0,51
0,314
0,50
0,313
0,49
0,312
0,48
0,311
0,47
0,309
0,46
0,306
0,45
0,301
0,6
0,5
0,438
0,11
0,4
0,2
0,3
0,7
